287792
842158
839786
732862
947506
262554
925845
921484
946507
561060
498515
160728
584789
62788
923583
570451
951044
694196
340925
644828
676314
268999
355874
299808
1050889
356556
165345
1060687
652708
506672
223433
541783
243848
719425
417154
750262
25751
449744
1086801
561064
728144
605763
51257
1099880
372197
103509
571434
943532
983348
177116
427419
634225
135424
879480
222900
88433
289666
667889
304116
165489
907381
479217
67540
179439
860867
426462
517283
750134
532
453349
1077122
51535
113037
584772
241311
1093468
1019260
381624
749551
1014749
