4179
6465
5211
6981
4173
5697
5227
6853
5109
5625
7079
7355
5451
6741
5695
8077
7515
6999
7207
7303
4149
5505
4621
5641
5887
8173
6405
5139
6231
7491
8123
7103
5833
4717
4351
8161
6005
5597
5841
4461
6881
4331
6699
6795
6779
7115
7057
4411
8131
6271
4333
5857
6865
4459
4225
4129
5337
4965
4879
7705
5957
5213
4593
5821
6061
7603
6583
4921
5017
7327
7975
7351
7591
6733
5707
5453
5717
8037
5343
5293
5797
5051
7097
7921
4591
4793
5033
4105
4609
6637
5875
8133
5247
7761
4431
7891
6511
6295
7459
5199
7749
6031
7741
6237
5955
6601
4723
6925
5659
5721
4941
5779
6445
7485
6039
6349
5731
7505
4439
5949
6045
4891
6937
4473
5073
6943
7963
5175
7557
6009
5085
5193
4677
7517
5975
8111
7871
5223
7365
6607
7795
5967
7773
6305
4259
6589
6067
4531
6577
4497
4401
7245
5703
7527
7383
4235
6689
5287
7333
7663
7927
7183
7687
8125
6079
4201
4801
6217
4675
6175
7939
6539
6707
5981
4897
4249
4305
4449
6199
7555
5743
7885
6475
6739
4483
6193
4663
7561
6427
6931
7471
7831
4523
6833
6003
6621
5039
7865
8011
6751
5611
6901
5913
4893
4215
7617
4811
6761
4873
4633
6111
8061
5909
5405
6529
4147
7185
4359
7263
8007
7701
5391
7123
6523
7777
4303
7165
6139
4927
8089
4915
6553
7739
7055
7425
4119
5325
5733
6289
4387
5107
6649
5573
5237
6383
7907
8191
7835
6959
5023
7993
7431
7191
5059
6265
7171
6151
4977
4569
5563
7093
6495
8019
8137
4735
6081
4221
4407
7569
6887
7403
4669
6025
7411
6631
4645
5257
4789
5545
6179
6275
5591
7541
6395
7139
5635
6157
7727
7823
4383
7953
4159
8065
6329
5027
6347
6755
6253
5827
4261
5281
4667
7049
4579
6385
5523
6453
5127
7173
6891
6501
5331
7369
4711
5899
6685
5301
5541
6409
4627
6923
6683
7783
7375
4485
5169
4575
8049
7405
5863
7105
4219
5349
7545
5079
